    unsorted:	 22146.71865 22342.67848 21768.92596 22977.98105 23042.42181 23318.27125 21146.27869 20703.07134 24214.68582 20088.49557 19168.40812 18437.29019 25541.69274 25817.09741 26729.23064 17542.47966 28122.42031 28965.05068 29360.24437 29978.64584 30875.59866 31590.17720 31414.38805 16930.18785 16552.09197 16220.57600 15436.89813 15231.30442 14985.16060 14387.60588 32683.18099 33590.07320 12943.33712 12444.75413 11119.31538 39551.47014 39424.38272 41002.48335 43100.31026 43026.39132 42444.04941 44740.29471 685.3891948 49154.30350 48539.94292 50100.27502 50665.35177 51527.44557 52137.23914 53559.88253 54757.21228 5758.503286 659.6665212 1589.587991 64527.65300 70709.94999 75542.86126 89831.62500 90200.45653 92799.02830 94184.83304 95281.71644 96028.19304 97807.47950 108573.6242 119017.4586 120627.4248 117292.5602 125918.6994 126230.3827 131563.7799 134429.4061 136458.8410 137718.6552 145897.2992 153013.2073 157379.5564 164200.2771 167090.9052 170251.3071 177334.0259 180720.8666 190470.9218 202278.2048 207659.9526 222731.6781 232436.4846 238743.4702 239267.8631 244425.8698 245587.0386 267648.6732 275067.0636 282649.3230 290364.8482 313594.5898 316246.6009 319731.4407 328562.2890 381990.6359 408390.6380 433395.8454 483521.5661 558041.1982 602339.2316 668488.3109 1169322.631
      sorted:	 659.6665212 685.3891948 1589.587991 5758.503286 11119.31538 12444.75413 12943.33712 14387.60588 14985.16060 15231.30442 15436.89813 16220.57600 16552.09197 16930.18785 17542.47966 18437.29019 19168.40812 20088.49557 20703.07134 21146.27869 21768.92596 22146.71865 22342.67848 22977.98105 23042.42181 23318.27125 24214.68582 25541.69274 25817.09741 26729.23064 28122.42031 28965.05068 29360.24437 29978.64584 30875.59866 31414.38805 31590.17720 32683.18099 33590.07320 39424.38272 39551.47014 41002.48335 42444.04941 43026.39132 43100.31026 44740.29471 48539.94292 49154.30350 50100.27502 50665.35177 51527.44557 52137.23914 53559.88253 54757.21228 64527.65300 70709.94999 75542.86126 89831.62500 90200.45653 92799.02830 94184.83304 95281.71644 96028.19304 97807.47950 108573.6242 117292.5602 119017.4586 120627.4248 125918.6994 126230.3827 131563.7799 134429.4061 136458.8410 137718.6552 145897.2992 153013.2073 157379.5564 164200.2771 167090.9052 170251.3071 177334.0259 180720.8666 190470.9218 202278.2048 207659.9526 222731.6781 232436.4846 238743.4702 239267.8631 244425.8698 245587.0386 267648.6732 275067.0636 282649.3230 290364.8482 313594.5898 316246.6009 319731.4407 328562.2890 381990.6359 408390.6380 433395.8454 483521.5661 558041.1982 602339.2316 668488.3109 1169322.631
